0  0  0  0  0   0   0   0
1  2  3  4  0.00566061   0.00325219   0.00230798   0.0017934
2  4  6  8  0.00520403   0.00275576   0.00184335   0.00138067
3  6  9  12  0.0047259   0.0023917   0.00159472   0.00119964
4  8  12  16  0.00439019   0.0021883   0.00146403   0.00109854
5  10  15  20  0.00409158   0.00204322   0.00136047   0.00102174
6  12  18  24  0.00386849   0.00193949   0.00129606   0.0009723
7  14  21  28  0.0037354   0.00187816   0.0012526   0.000940851
8  16  24  32  0.00359885   0.00181342   0.00120889   0.000905247
9  18  27  36  0.003525   0.00176305   0.00117384   0.000878319
10  20  30  40  0.00340843   0.00170239   0.00113414   0.000851005
11  22  33  44  0.00330838   0.00165298   0.00110445   0.000830664
12  24  36  48  0.00323513   0.00162982   0.00108541   0.000812283
13  26  39  52  0.00312215   0.00157002   0.00105368   0.000791343
14  28  42  56  0.00308589   0.00154174   0.00103378   0.000776058
15  30  45  60  0.00299433   0.00150246   0.00100471   0.000756499
16  32  48  64  0.00296393   0.00148563   0.000988975   0.000744427
17  34  51  68  0.00292348   0.00147518   0.000983372   0.00073378
18  36  54  72  0.00288004   0.00144417   0.000959935   0.000720808
19  38  57  76  0.00281636   0.00141359   0.000941376   0.000705802
20  40  60  80  0.00280392   0.00139849   0.000933599   0.000699225
21  42  63  84  0.00274491   0.0013745   0.000916949   0.000688428
22  44  66  88  0.00272038   0.00136375   0.000908783   0.000684369
23  46  69  92  0.00270279   0.00134686   0.000901041   0.000675724
24  48  72  96  0.00264522   0.00133662   0.000891762   0.000669426
25  50  75  100  0.00264534   0.00131975   0.000878541   0.00065925
26  52  78  104  0.00262846   0.00131381   0.000873839   0.00065578
27  54  81  108  0.0025697   0.00129157   0.000859257   0.000644555
28  56  84  112  0.0025551   0.00127761   0.000849324   0.000636885
29  58  87  116  0.00253284   0.00126479   0.000847221   0.000637035
30  60  90  120  0.00253703   0.0012697   0.000846072   0.000632579
31  62  93  124  0.00249729   0.00124313   0.000829599   0.000623025
32  64  96  128  0.00244032   0.00121807   0.000812949   0.00061046
33  66  99  132  0.0024323   0.00122881   0.00081963   0.000613834
34  68  102  136  0.00241663   0.00120278   0.000799233   0.000601141
35  70  105  140  0.00238886   0.00119204   0.000795874   0.000597478
36  72  108  144  0.00239185   0.00119282   0.000796263   0.000599963
37  74  111  148  0.00236014   0.00118595   0.00079066   0.000592497
38  76  114  152  0.00239173   0.00119071   0.000792251   0.000596279
39  78  117  156  0.00237103   0.00118355   0.000786913   0.000590291
40  80  120  160  0.00234721   0.00117012   0.000779065   0.000584185
41  82  123  164  0.00228174   0.00113958   0.000763688   0.000572296
42  84  126  168  0.00228605   0.00114216   0.000762044   0.000574267
43  86  129  172  0.00227983   0.00114277   0.000759022   0.000568461
44  88  132  176  0.00225218   0.00112723   0.000749619   0.00056362
45  90  135  180  0.00224201   0.00111746   0.000748311   0.000560953
46  92  138  184  0.0022456   0.00111294   0.00074064   0.000555843
47  94  141  188  0.00220718   0.00110876   0.000736433   0.000551677
48  96  144  192  0.00218324   0.00110553   0.000736256   0.00055143
49  98  147  196  0.00220215   0.00109393   0.000727454   0.000545314
50  100  150  200  0.00219461   0.0011026   0.000734188   0.000550134
51  102  153  204  0.00218336   0.00109003   0.000723901   0.000542925
52  104  156  208  0.00213178   0.0010727   0.000713473   0.00053472
53  106  159  212  0.00213621   0.00106432   0.00071418   0.000535352
54  108  162  216  0.002124   0.00105659   0.000704565   0.000529043
55  110  165  220  0.00211682   0.00106189   0.000708577   0.000534003
56  112  168  224  0.0020948   0.0010616   0.000705502   0.000531186
57  114  171  228  0.00211024   0.00105394   0.000701525   0.000526901
58  116  174  232  0.00207852   0.00104595   0.000694985   0.000520657
59  118  177  236  0.00209097   0.00104402   0.000697035   0.000523699
60  120  180  240  0.0020735   0.00104205   0.000693288   0.000520378
61  122  183  244  0.00207026   0.00103242   0.000692652   0.00052191
62  124  186  248  0.0020358   0.00103844   0.000693465   0.000521878
63  126  189  252  0.00207445   0.00103174   0.000684999   0.000515376
64  128  192  256  0.00205339   0.00102061   0.000683266   0.000513801
65  130  195  260  0.00207374   0.00102744   0.00068666   0.00051438
66  132  198  264  0.00202897   0.00101556   0.000673899   0.000507128
67  134  201  268  0.00200456   0.0010065   0.000674535   0.000506914
68  136  204  272  0.00200037   0.00100249   0.000667253   0.000500573
69  138  207  276  0.00197476   0.00100177   0.000667306   0.000498516
70  140  210  280  0.0020121   0.00100725   0.000671406   0.000502586
71  142  213  284  0.00199534   0.000998478   0.000667094   0.000502147
72  144  216  288  0.00197524   0.000984335   0.00065283   0.000491232
73  146  219  292  0.00195345   0.000979108   0.000656754   0.000491565
74  148  222  296  0.00195573   0.000972878   0.00064751   0.000488062
75  150  225  300  0.0019288   0.000960132   0.000640528   0.000481614
76  152  228  304  0.00191324   0.000960454   0.000640104   0.000482192
77  154  231  308  0.00189469   0.000953794   0.000637665   0.000477993
78  156  234  312  0.0019288   0.000964607   0.000644045   0.000482963
79  158  237  316  0.00193849   0.000975205   0.000649136   0.000486402
80  160  240  320  0.00193897   0.000964571   0.000640493   0.00048051
81  162  243  324  0.00190798   0.000952076   0.000634024   0.000474769
82  164  246  328  0.00190091   0.000951037   0.000636675   0.000477286
83  166  249  332  0.00190391   0.000948101   0.000630259   0.000472348
84  168  252  336  0.00187123   0.000942015   0.000628633   0.000471449
85  170  255  340  0.00186286   0.000937646   0.000626282   0.000468739
86  172  258  344  0.00189912   0.000941692   0.000629552   0.00047162
87  174  261  348  0.00188296   0.000936716   0.000626706   0.000470742
88  176  264  352  0.00185184   0.000930879   0.000621881   0.000465975
89  178  267  356  0.00186357   0.00093335   0.000620873   0.000467689
90  180  270  360  0.00183509   0.000921606   0.000616702   0.000461691
91  182  273  364  0.00184263   0.000928122   0.000615058   0.000459516
92  184  276  368  0.00184778   0.000919136   0.000613715   0.000460834
93  186  279  372  0.00184071   0.000924864   0.000615429   0.000462655
94  188  282  376  0.001823   0.000916271   0.00061375   0.000460512
95  190  285  380  0.0018315   0.000917632   0.000612053   0.000459859
96  192  288  384  0.00182695   0.000915663   0.000609137   0.000455928
97  194  291  388  0.00178853   0.000897187   0.000599575   0.000453325
98  196  294  392  0.00182372   0.000907248   0.000604789   0.000453614
99  198  297  396  0.00176723   0.000892963   0.00059634   0.000447359
100  200  300  400  0.00180062   0.000895934   0.000598196   0.000448741
101  202  303  404  0.00176196   0.000887305   0.000594007   0.000446845
102  204  306  408  0.00177297   0.000886912   0.000591444   0.000442635
103  206  309  412  0.00177142   0.000886088   0.000589571   0.000442271
104  208  312  416  0.00176352   0.000883116   0.000589747   0.000442496
105  210  315  420  0.0017573   0.000871372   0.000585435   0.000440964
106  212  318  424  0.00177788   0.000885229   0.000588051   0.000440139
107  214  321  428  0.00173863   0.000881111   0.000585258   0.000441628
108  216  324  432  0.00176244   0.000877352   0.000583137   0.000437526
109  218  327  436  0.00176125   0.000884155   0.000590649   0.000443181
110  220  330  440  0.00176555   0.000878605   0.000586336   0.000440289
111  222  333  444  0.00173085   0.000866431   0.000580362   0.000434837
112  224  336  448  0.00169793   0.000861741   0.00057589   0.000432481
113  226  339  452  0.00174652   0.000869332   0.000578294   0.00043473
114  228  342  456  0.00175227   0.000875239   0.000583632   0.000438222
115  230  345  460  0.00175095   0.000875347   0.000581723   0.000436166
116  232  348  464  0.00172426   0.000863925   0.000577622   0.000433359
117  234  351  468  0.00172378   0.000869439   0.000579195   0.000436573
118  236  354  472  0.00173156   0.000862672   0.00057513   0.00042945
119  238  357  476  0.00170942   0.000859056   0.000570817   0.000428485
120  240  360  480  0.00169446   0.000848959   0.000568643   0.000426857
121  242  363  484  0.00170847   0.00085125   0.000563942   0.000423098
122  244  366  488  0.0016941   0.000850642   0.000565586   0.000425219
123  246  369  492  0.00169063   0.000853005   0.000569227   0.000424854
124  248  372  496  0.00169003   0.000845736   0.000564348   0.000423419
125  250  375  500  0.00170823   0.000849174   0.000567194   0.000425583
126  252  378  504  0.00170045   0.000847921   0.000565285   0.000423066
127  254  381  508  0.00169386   0.000853363   0.000571012   0.000429257
128  256  384  512  0.00169865   0.000841297   0.000559558   0.000421009
129  258  387  516  0.00169362   0.0008481   0.000564631   0.000420998
130  260  390  520  0.00168585   0.000848672   0.000567883   0.000426129
131  262  393  524  0.00168788   0.000844698   0.000562704   0.000422059
132  264  396  528  0.00167507   0.000827118   0.000553425   0.000415696
133  266  399  532  0.00166442   0.000834279   0.000556324   0.000418395
134  268  402  536  0.0016734   0.00083256   0.000554132   0.000415653
135  270  405  540  0.00166945   0.000826689   0.000554238   0.000415739
136  272  408  544  0.00163869   0.000824146   0.000553284   0.000416832
137  274  411  548  0.00165509   0.000829732   0.000553531   0.000415557
138  276  414  552  0.00166047   0.000821425   0.000546143   0.000410319
139  278  417  556  0.00165772   0.000821747   0.000549872   0.000413747
140  280  420  560  0.00165353   0.000829481   0.000553001   0.000413725
141  282  423  564  0.00165078   0.000823538   0.000550456   0.000411851
142  284  426  568  0.00164563   0.000837895   0.00055818   0.000418074
143  286  429  572  0.00164767   0.000829517   0.000553973   0.000413265
144  288  432  576  0.00161906   0.000816771   0.000544022   0.000409012
145  290  435  580  0.00164037   0.000814264   0.000542166   0.00040823
146  292  438  584  0.00164623   0.000821175   0.000543951   0.000407106
147  294  441  588  0.00162864   0.000817308   0.00054533   0.000410405
148  296  444  592  0.00164096   0.000815338   0.000543969   0.000407963
149  298  447  596  0.00161428   0.000810218   0.000542237   0.000406163
150  300  450  600  0.00163414   0.000813083   0.000541512   0.000405488
151  302  453  604  0.00160877   0.000803237   0.000537323   0.000404117
152  304  456  608  0.00159333   0.000807605   0.000540169   0.000404631
153  306  459  612  0.00162864   0.000806495   0.000540169   0.000404503
154  308  462  616  0.00159333   0.000798833   0.000534566   0.000400507
155  310  465  620  0.00159943   0.000790168   0.000529988   0.000400358
156  312  468  624  0.00159261   0.000797329   0.000533594   0.000399726
157  314  471  628  0.00160578   0.000797436   0.000531084   0.000396898
158  316  474  632  0.00160171   0.000797114   0.000531543   0.000397423
159  318  477  636  0.00159548   0.000802449   0.00053697   0.000402232
160  320  480  640  0.00159931   0.000800301   0.000535715   0.000402082
161  322  483  644  0.00157885   0.000790598   0.000526135   0.000394124
162  324  486  648  0.00159896   0.000791242   0.000529475   0.000399854
163  326  489  652  0.00159441   0.000798475   0.000533523   0.000400422
164  328  492  656  0.00158926   0.000796219   0.000530801   0.000396191
165  330  495  660  0.00158352   0.000793999   0.000529263   0.000398387
166  332  498  664  0.00163462   0.000820208   0.000544269   0.000408648
167  334  501  668  0.00161236   0.000813262   0.000541706   0.000407373
168  336  504  672  0.0016053   0.000803666   0.000535944   0.000401825
169  338  507  676  0.00161739   0.000812582   0.00054183   0.000405049
170  340  510  680  0.0015822   0.000789559   0.000526329   0.000395452
171  342  513  684  0.00159908   0.000796112   0.000531349   0.000400122
172  344  516  688  0.00159321   0.000793176   0.000528468   0.000396523
173  346  519  692  0.00159525   0.00079826   0.000531101   0.00039829
174  348  522  696  0.00157813   0.000795789   0.000531738   0.000397369
175  350  525  700  0.00157322   0.00078512   0.000522511   0.000392335
176  352  528  704  0.00157478   0.000784941   0.000522282   0.000391928
177  354  531  708  0.00155324   0.000785692   0.000526135   0.000392902
178  356  534  712  0.00155635   0.000779713   0.000517156   0.000389089
179  358  537  716  0.00157322   0.000788127   0.000527655   0.000395516
180  360  540  720  0.00161547   0.000804776   0.000531967   0.000396598
181  362  543  724  0.00156497   0.000781897   0.000523519   0.000392795
182  364  546  728  0.0015506   0.000784189   0.000522405   0.000392463
183  366  549  732  0.00159213   0.000792245   0.00052944   0.000396223
184  368  552  736  0.00158256   0.000796792   0.000530607   0.000397583
185  370  555  740  0.00156042   0.000772624   0.00051583   0.000387965
186  372  558  744  0.00157921   0.000785227   0.000521133   0.00039241
187  374  561  748  0.00154893   0.000773949   0.000515477   0.000388082
188  376  564  752  0.00154869   0.000780537   0.000522706   0.000393031
189  378  567  756  0.00156652   0.000787411   0.00052663   0.000393995
190  380  570  760  0.00157813   0.000787805   0.000524314   0.000394648
191  382  573  764  0.00157981   0.000790061   0.000527443   0.000395612
192  384  576  768  0.00157658   0.00078827   0.000525887   0.00039498
193  386  579  772  0.00156939   0.00078759   0.000527319   0.00039437
194  388  582  776  0.00160314   0.000800694   0.000530677   0.000397316
195  390  585  780  0.00155372   0.000779749   0.000522529   0.000390771
196  392  588  784  0.00157035   0.000785871   0.000522282   0.000391135
197  394  591  788  0.00155755   0.000778746   0.000520708   0.000392667
198  396  594  792  0.00156568   0.000779856   0.000517403   0.000385994
199  398  597  796  0.00155575   0.000779713   0.000522352   0.00039227
200  400  600  800  0.00156736   0.000782076   0.000520673   0.000388939
201  402  603  804  0.00156138   0.000780107   0.000522759   0.000393342
202  404  606  808  0.0015615   0.000777493   0.000520302   0.000390621
203  406  609  812  0.00157622   0.00078358   0.000520567   0.00039121
204  408  612  816  0.00155551   0.000777386   0.000519401   0.000389571
205  410  615  820  0.00153241   0.000770046   0.000514823   0.000386454
206  412  618  824  0.00155144   0.00077334   0.000514222   0.000387504
207  414  621  828  0.00154306   0.000775023   0.000514734   0.000384901
208  416  624  832  0.00154582   0.000773018   0.000515512   0.000387247
209  418  627  836  0.00153409   0.000775882   0.000514699   0.000386347
210  420  630  840  0.00154893   0.00078   0.000519931   0.000389518
211  422  633  844  0.00155396   0.000772803   0.000516572   0.000386808
212  424  636  848  0.00155192   0.000778675   0.000521504   0.000389036
213  426  639  852  0.00154953   0.000771335   0.000509662   0.000381591
214  428  642  856  0.00152356   0.000766465   0.000509502   0.000383412
215  430  645  860  0.00154127   0.000768614   0.000511942   0.000383594
216  432  648  864  0.00150991   0.000754757   0.000503988   0.000380038
217  434  651  868  0.00150381   0.00075644   0.000504819   0.000378206
218  436  654  872  0.00151302   0.000759519   0.000509803   0.000381377
219  438  657  876  0.0015068   0.000754578   0.000507381   0.000379685
220  440  660  880  0.00151853   0.000763458   0.000511129   0.000382684
221  442  663  884  0.00153169   0.000767611   0.000509414   0.000382041
222  444  666  888  0.00150668   0.000755509   0.000505702   0.00037916
223  446  669  892  0.00152068   0.00076668   0.000511535   0.000383958
224  448  672  896  0.00151733   0.000761596   0.000509573   0.000383005
225  450  675  900  0.00150704   0.000757622   0.000504978   0.000378946
226  452  678  904  0.00152451   0.000758051   0.000505914   0.000376578
227  454  681  908  0.00153373   0.000761632   0.000506144   0.000378892
228  456  684  912  0.0015147   0.000764747   0.000506568   0.000379342
229  458  687  916  0.00149687   0.0007462   0.000497519   0.000374275
230  460  690  920  0.00152715   0.000769473   0.000514345   0.000386036
231  462  693  924  0.0015384   0.0007689   0.000515583   0.000385394
232  464  696  928  0.00154079   0.000766823   0.000511464   0.000383712
233  466  699  932  0.00150836   0.000756046   0.000501902   0.000376343
234  468  702  936  0.00153564   0.000761703   0.000510404   0.000382898
235  470  705  940  0.00151781   0.000763601   0.000506763   0.00038052
236  472  708  944  0.00150333   0.000760701   0.000509573   0.000380231
237  474  711  948  0.00152475   0.000761345   0.000505437   0.000379545
238  476  714  952  0.00153959   0.000766036   0.000508884   0.00038203
239  478  717  956  0.00151721   0.00075755   0.000507099   0.000379363
240  480  720  960  0.00153277   0.000768112   0.000513197   0.000383476
241  482  723  964  0.00152344   0.00076088   0.000506551   0.000380852
242  484  726  968  0.0014983   0.000751929   0.000502256   0.000375229
243  486  729  972  0.00148334   0.000744911   0.000499905   0.000376396
244  488  732  976  0.00151649   0.00074885   0.000497784   0.000373986
245  490  735  980  0.00152356   0.000757801   0.000503069   0.000378099
246  492  738  984  0.00147664   0.000744804   0.000497024   0.000374243
247  494  741  988  0.00151889   0.000763494   0.000505207   0.000378699
248  496  744  992  0.00152619   0.000752502   0.000500806   0.000377253
249  498  747  996  0.00150728   0.000756512   0.000504748   0.000379556
250  500  750  1000  0.00150848   0.000757085   0.000505879   0.000378346
251  502  753  1004  0.00149567   0.000758481   0.000501142   0.000377178
252  504  756  1008  0.00151733   0.00075619   0.000499905   0.000374682
253  506  759  1012  0.00145869   0.000731914   0.000490484   0.000367313
254  508  762  1016  0.00149507   0.000750174   0.000500612   0.000375979
255  510  765  1020  0.00149471   0.000753146   0.000503139   0.000377135
256  512  768  1024  0.00151614   0.000752072   0.000503405   0.000378217
257  514  771  1028  0.00148298   0.000745448   0.000499463   0.000375721
258  516  774  1032  0.00152667   0.000759949   0.000507399   0.00037841
259  518  777  1036  0.00149399   0.000749423   0.000499728   0.00037691
260  520  780  1040  0.00149184   0.000741689   0.000496158   0.000372679
261  522  783  1044  0.0014934   0.000750855   0.000500506   0.000375057
262  524  786  1048  0.00149938   0.000746809   0.000499781   0.000374682
263  526  789  1052  0.00147975   0.000751607   0.000501195   0.00037736
264  528  792  1056  0.00150165   0.000749888   0.000500965   0.000376064
265  530  795  1060  0.00149615   0.000748384   0.000496458   0.000372197
266  532  798  1064  0.00149974   0.000741116   0.000493524   0.000370773
267  534  801  1068  0.0014679   0.000747346   0.000501248   0.00037555
268  536  804  1072  0.00151111   0.000754185   0.000500965   0.000375443
269  538  807  1076  0.00148394   0.000753182   0.000501991   0.000376568
270  540  810  1080  0.00150895   0.000757693   0.000504659   0.000378324
271  542  813  1084  0.00151075   0.000750855   0.000502733   0.0003772
272  544  816  1088  0.00150536   0.000751213   0.000497925   0.000373076
273  546  819  1092  0.00148729   0.000747811   0.000499763   0.000375657
274  548  822  1096  0.00150333   0.000755259   0.000503192   0.000378035
275  550  825  1100  0.00150728   0.000757622   0.000505561   0.000379492
276  552  828  1104  0.00152368   0.000760808   0.000504483   0.00037736
277  554  831  1108  0.00150381   0.000755939   0.000505207   0.00037901
278  556  834  1112  0.00150177   0.000750747   0.000499993   0.000374254
279  558  837  1116  0.00151195   0.000756297   0.000505437   0.000379663
280  560  840  1120  0.00150477   0.000754865   0.000504288   0.000375057
281  562  843  1124  0.00147736   0.000740471   0.000495946   0.000371898
282  564  846  1128  0.0014977   0.000748993   0.000497519   0.000372529
283  566  849  1132  0.00147927   0.00074176   0.000494549   0.000372037
284  568  852  1136  0.00149364   0.000742584   0.000495309   0.00037238
285  570  855  1140  0.00148239   0.000744553   0.000495645   0.000372862
286  572  858  1144  0.00148933   0.000742262   0.000496564   0.000372326
287  574  861  1148  0.00148394   0.000744517   0.000497112   0.000374318
288  576  864  1152  0.00150261   0.000745663   0.000498279   0.000373793
289  578  867  1156  0.00149016   0.000744195   0.000498632   0.000373547
290  580  870  1160  0.00149244   0.000744195   0.000497837   0.000371405
291  582  873  1164  0.00151578   0.000760379   0.00050397   0.000376418
292  584  876  1168  0.00148801   0.000750998   0.000501354   0.000376568
293  586  879  1172  0.00151542   0.000753791   0.000500877   0.000375689
294  588  882  1176  0.00152009   0.000755796   0.000501708   0.000375968
295  590  885  1180  0.00149687   0.000745484   0.000497695   0.000373868
296  592  888  1184  0.00149938   0.000755366   0.000502574   0.000375614
297  594  891  1188  0.00149268   0.00075354   0.000502804   0.000378571
298  596  894  1192  0.00150524   0.00075021   0.000503228   0.000376
299  598  897  1196  0.00149268   0.000741581   0.000497713   0.000372615
300  600  900  1200  0.00149818   0.000749494   0.000499481   0.000373901
301  602  903  1204  0.00148622   0.000743658   0.000493913   0.000371501
302  604  906  1208  0.00149316   0.000747955   0.00049971   0.000375229
303  606  909  1212  0.00149232   0.000743157   0.000493259   0.000368845
304  608  912  1216  0.00147389   0.000730518   0.000489865   0.000367924
305  610  915  1220  0.00148897   0.000744947   0.00049667   0.000370944
306  612  918  1224  0.00148753   0.000741438   0.000492446   0.000370644
307  614  921  1228  0.00147066   0.000733848   0.000489371   0.000367549
308  616  924  1232  0.0014916   0.000742799   0.000495539   0.000373001
309  618  927  1236  0.00148885   0.000747561   0.000497148   0.000372176
310  620  930  1240  0.00147496   0.000737392   0.000491615   0.000367013
311  622  933  1244  0.00148849   0.000738252   0.000493383   0.000370366
312  624  936  1248  0.00148777   0.000743443   0.000497589   0.000372122
313  626  939  1252  0.00149328   0.000739326   0.000490148   0.000370109
314  628  942  1256  0.00147269   0.000741725   0.000492906   0.000370087
315  630  945  1260  0.00148454   0.000739899   0.000490908   0.000368631
316  632  948  1264  0.00149519   0.000742763   0.000495574   0.00037149
317  634  951  1268  0.00145797   0.000734241   0.000489459   0.000365974
318  636  954  1272  0.00149136   0.00073997   0.000492764   0.000368009
319  638  957  1276  0.00147891   0.0007491   0.000500117   0.000375357
320  640  960  1280  0.00148837   0.000755151   0.000503793   0.000377339
321  642  963  1284  0.00150405   0.000743515   0.000494072   0.000370494
322  644  966  1288  0.00148442   0.000745806   0.000496617   0.000372808
323  646  969  1292  0.00147102   0.000736032   0.000490378   0.000366874
324  648  972  1296  0.00147628   0.000733812   0.00049105   0.000370012
325  650  975  1300  0.00148717   0.000746308   0.000497307   0.000373408
326  652  978  1304  0.00147748   0.000738144   0.000495928   0.000375347
327  654  981  1308  0.0014782   0.000747811   0.000496281   0.000372026
328  656  984  1312  0.0014703   0.000734814   0.000490908   0.000368159
329  658  987  1316  0.00148179   0.000744875   0.000500612   0.000375497
330  660  990  1320  0.00148107   0.000740507   0.00049211   0.000370891
331  662  993  1324  0.00147365   0.000741223   0.000495398   0.000371405
332  664  996  1328  0.00145606   0.000731592   0.000486825   0.00036516
333  666  999  1332  0.00146635   0.000728011   0.000487143   0.000366006
334  668  1002  1336  0.00147066   0.000731771   0.000488116   0.000365267
335  670  1005  1340  0.00146192   0.000733776   0.000487108   0.000366681
336  672  1008  1344  0.00148059   0.000738824   0.000493082   0.000368813
337  674  1011  1348  0.00148478   0.000736461   0.000489477   0.00036982
338  676  1014  1352  0.00145701   0.00073664   0.000489954   0.000368138
339  678  1017  1356  0.00148753   0.000748492   0.000499498   0.000376032
340  680  1020  1360  0.00149806   0.000740292   0.000496388   0.000370998
341  682  1023  1364  0.00147137   0.00073528   0.000489282   0.000366113
342  684  1026  1368  0.0014612   0.000725863   0.000487621   0.000365931
343  686  1029  1372  0.00148538   0.00073929   0.000492676   0.000368631
344  688  1032  1376  0.00145653   0.000733275   0.000487249   0.000365492
345  690  1035  1380  0.00147066   0.000736247   0.00048983   0.000368138
346  692  1038  1384  0.00146276   0.000724968   0.00048322   0.000361657
347  694  1041  1388  0.0014703   0.000730124   0.000483697   0.00036199
348  696  1044  1392  0.00145701   0.000731771   0.000488257   0.000366424
349  698  1047  1396  0.00146635   0.000735495   0.000489406   0.000365621
350  700  1050  1400  0.00147975   0.000743407   0.000495963   0.00037178
351  702  1053  1404  0.00148562   0.000745019   0.000499003   0.000373697
352  704  1056  1408  0.00149256   0.000744123   0.000495592   0.000370859
353  706  1059  1412  0.00146383   0.000726794   0.000485782   0.000364335
354  708  1062  1416  0.00145462   0.000734492   0.000491456   0.000369723
355  710  1065  1420  0.00146371   0.000729515   0.000485447   0.000363993
356  712  1068  1424  0.00146467   0.000733454   0.000489989   0.000368556
357  714  1071  1428  0.00148538   0.00073929   0.000493047   0.000371972
358  716  1074  1432  0.00148753   0.000739218   0.000492287   0.000367977
359  718  1077  1436  0.00148047   0.00074065   0.000492322   0.000368191
360  720  1080  1440  0.00149244   0.000747883   0.000500877   0.00037615
361  722  1083  1444  0.00150572   0.00074885   0.000498402   0.000373344
362  724  1086  1448  0.00146958   0.000738717   0.000494885   0.000370773
363  726  1089  1452  0.00149735   0.000745627   0.000498084   0.000373194
364  728  1092  1456  0.00147712   0.000732594   0.000491385   0.000369327
365  730  1095  1460  0.00148394   0.000741188   0.000492853   0.000369091
366  732  1098  1464  0.00146659   0.000733561   0.000488699   0.000366638
367  734  1101  1468  0.00146252   0.000733883   0.000491792   0.000369884
368  736  1104  1472  0.00147951   0.00074065   0.000493347   0.000368984
369  738  1107  1476  0.00147939   0.000740615   0.000490961   0.000366949
370  740  1110  1480  0.00145797   0.000731807   0.000489494   0.000368191
371  742  1113  1484  0.00146168   0.000738037   0.000490749   0.000367474
372  744  1116  1488  0.00148262   0.000740794   0.000493842   0.000370409
373  746  1119  1492  0.00147628   0.000744303   0.00049766   0.000374543
374  748  1122  1496  0.00147748   0.000741832   0.00049363   0.000370441
375  750  1125  1500  0.00147425   0.000737929   0.000496334   0.000372251
376  752  1128  1504  0.00148957   0.000742906   0.000494602   0.000371105
377  754  1131  1508  0.00145318   0.000739541   0.000493542   0.000370537
378  756  1134  1512  0.0014776   0.000745806   0.00049432   0.000370516
379  758  1137  1516  0.0014977   0.00075064   0.000500294   0.000375775
380  760  1140  1520  0.00148358   0.000751786   0.000500347   0.000374757
381  762  1143  1524  0.00149376   0.000753719   0.000500753   0.000374693
382  764  1146  1528  0.00150321   0.000745341   0.000496441   0.000373226
383  766  1149  1532  0.00148514   0.000747238   0.000496582   0.000373097
384  768  1152  1536  0.00147975   0.00073997   0.000496423   0.000371887
385  770  1155  1540  0.00151338   0.000745341   0.000497607   0.000373622
386  772  1158  1544  0.00147772   0.000744732   0.000498968   0.000374865
387  774  1161  1548  0.00149699   0.000743909   0.000494903   0.000370709
388  776  1164  1552  0.00147532   0.00073349   0.000492941   0.000370933
389  778  1167  1556  0.00146659   0.000738144   0.00049432   0.000371233
390  780  1170  1560  0.00147508   0.000739648   0.00049356   0.000371844
391  782  1173  1564  0.00147987   0.000737321   0.000489848   0.000367463
392  784  1176  1568  0.00147604   0.000737106   0.00049508   0.000370848
393  786  1179  1572  0.00148945   0.00074484   0.00049492   0.000371405
394  788  1182  1576  0.00149004   0.000741367   0.000495698   0.000372133
395  790  1185  1580  0.00147317   0.000740257   0.000493047   0.00036877
396  792  1188  1584  0.00148645   0.000736533   0.000489777   0.000367292
397  794  1191  1588  0.00146431   0.000735495   0.00049135   0.000366542
398  796  1194  1592  0.00147724   0.000735244   0.00049082   0.000368491
399  798  1197  1596  0.00146491   0.000732702   0.000489229   0.000366499
400  800  1200  1600  0.00146383   0.000726758   0.000484775   0.000364849
401  802  1203  1604  0.00147078   0.000736927   0.00048953   0.000365085
402  804  1206  1608  0.00147161   0.000734958   0.00049158   0.000367784
403  806  1209  1612  0.00146922   0.000731126   0.000486436   0.00036531
404  808  1212  1616  0.00149052   0.000740185   0.000491173   0.00036742
405  810  1215  1620  0.00147149   0.000733561   0.000489194   0.000365985
406  812  1218  1624  0.0014849   0.000746379   0.000497978   0.000371855
407  814  1221  1628  0.00148717   0.0007404   0.000493294   0.000369959
408  816  1224  1632  0.00146886   0.00073195   0.000488257   0.000366628
409  818  1227  1636  0.00146707   0.00073528   0.000490838   0.000369123
410  820  1230  1640  0.0014764   0.000744732   0.000495787   0.000373826
411  822  1233  1644  0.00148957   0.000743586   0.000495186   0.000370248
412  824  1236  1648  0.00147173   0.000743551   0.000495327   0.000371801
413  826  1239  1652  0.00148885   0.000744195   0.000493984   0.000371266
414  828  1242  1656  0.00147796   0.000738287   0.000493701   0.000371362
415  830  1245  1660  0.0014545   0.000730339   0.000487338   0.000366917
416  832  1248  1664  0.00147927   0.000736569   0.00048907   0.000366338
417  834  1251  1668  0.00148262   0.000750891   0.000497483   0.000373386
418  836  1254  1672  0.00149423   0.000744947   0.000496228   0.000373376
419  838  1257  1676  0.00147903   0.000741116   0.000494107   0.00037209
420  840  1260  1680  0.0014703   0.000738538   0.000494867   0.000371255
421  842  1263  1684  0.00148681   0.000746057   0.00050192   0.000375893
422  844  1266  1688  0.00146467   0.000737965   0.000491103   0.000369188
423  846  1269  1692  0.00145893   0.000731628   0.000488487   0.00036712
424  848  1272  1696  0.00146635   0.000730661   0.000485765   0.000363382
425  850  1275  1700  0.00146324   0.000726078   0.000485235   0.000363361
426  852  1278  1704  0.00148382   0.000743765   0.000493277   0.000371158
427  854  1281  1708  0.0014916   0.00074774   0.000497961   0.000372347
428  856  1284  1712  0.00146599   0.000736855   0.000490802   0.000366488
429  858  1287  1716  0.00147868   0.000744768   0.000492923   0.000370944
430  860  1290  1720  0.00146778   0.000733167   0.000490749   0.000369284
431  862  1293  1724  0.00146575   0.000734814   0.000491103   0.000367752
432  864  1296  1728  0.00148107   0.000735029   0.000492711   0.00036982
433  866  1299  1732  0.00145163   0.000732344   0.000487232   0.00036591
434  868  1302  1736  0.00149352   0.000743873   0.000495309   0.000370612
435  870  1305  1740  0.0014679   0.000736318   0.000494249   0.000372562
436  872  1308  1744  0.0014983   0.00075354   0.00050192   0.0003769
437  874  1311  1748  0.00149507   0.00074731   0.000500188   0.00037404
438  876  1314  1752  0.00147137   0.000734277   0.000485959   0.000364699
439  878  1317  1756  0.00147042   0.000735387   0.000490166   0.000367634
440  880  1320  1760  0.00144756   0.000732057   0.000485058   0.000363478
441  882  1323  1764  0.00143942   0.000724359   0.000481788   0.000362536
442  884  1326  1768  0.00146611   0.000730912   0.000489989   0.000368106
443  886  1329  1772  0.00145594   0.00073016   0.000487267   0.000364132
444  888  1332  1776  0.00145725   0.000726973   0.000483343   0.000362986
445  890  1335  1780  0.00146934   0.000728799   0.000485553   0.000362836
446  892  1338  1784  0.00145294   0.000732702   0.000487974   0.000367013
447  894  1341  1788  0.00147473   0.00073417   0.000489918   0.000366767
448  896  1344  1792  0.00146515   0.000738395   0.000493206   0.000370687
449  898  1347  1796  0.00147844   0.000732201   0.000487126   0.000366156
450  900  1350  1800  0.00146491   0.000737571   0.000491456   0.000370816
451  902  1353  1804  0.00146719   0.000733991   0.000488398   0.000365321
452  904  1356  1808  0.00150321   0.000742656   0.000493825   0.000369166
453  906  1359  1812  0.00146898   0.00073553   0.000487621   0.000363843
454  908  1362  1816  0.00146802   0.000735495   0.000491668   0.000367581
455  910  1365  1820  0.00145809   0.00073442   0.000489141   0.000367356
456  912  1368  1824  0.00147018   0.000736032   0.000489883   0.000367067
457  914  1371  1828  0.00144121   0.000721746   0.000485146   0.000364689
458  916  1374  1832  0.0014636   0.000733561   0.000487744   0.000365749
459  918  1377  1836  0.00146132   0.000729945   0.000484368   0.000364239
460  920  1380  1840  0.00146012   0.000732988   0.000489971   0.000366735
461  922  1383  1844  0.00144935   0.000737142   0.000488858   0.00036621
462  924  1386  1848  0.00149244   0.000745663   0.000497996   0.000371962
463  926  1389  1852  0.00146024   0.000731019   0.000485606   0.000364303
464  928  1392  1856  0.0014709   0.000735208   0.000489477   0.000365696
465  930  1395  1860  0.00145091   0.000730052   0.000488717   0.000367752
466  932  1398  1864  0.00148095   0.000741116   0.000494726   0.000370044
467  934  1401  1868  0.00148669   0.000740973   0.000490678   0.000368084
468  936  1404  1872  0.00144181   0.000722784   0.000481947   0.00036169
469  938  1407  1876  0.00145773   0.000733454   0.000489583   0.000367891
470  940  1410  1880  0.00150106   0.000745377   0.000497466   0.000371748
471  942  1413  1884  0.00146431   0.000740042   0.000492428   0.000371255
472  944  1416  1888  0.00147568   0.0007346   0.000487886   0.000366392
473  946  1419  1892  0.00146324   0.000727224   0.00048603   0.00036456
474  948  1422  1896  0.00146898   0.000743228   0.000492906   0.000370152
475  950  1425  1900  0.00148298   0.000742369   0.000494426   0.00036968
476  952  1428  1904  0.00151075   0.000748026   0.000497201   0.000374061
477  954  1431  1908  0.00149376   0.00075132   0.000499092   0.000373622
478  956  1434  1912  0.00149938   0.000751428   0.000499127   0.000373065
479  958  1437  1916  0.00149507   0.000749423   0.00049637   0.000372529
480  960  1440  1920  0.00147221   0.000740221   0.000491173   0.00036908
481  962  1443  1924  0.00145175   0.000733167   0.00048884   0.000367067
482  964  1446  1928  0.00146048   0.000731055   0.000485482   0.000363735
483  966  1449  1932  0.00147042   0.000732022   0.000488416   0.000365985
484  968  1452  1936  0.00145558   0.000726579   0.000488434   0.000366885
485  970  1455  1940  0.00147592   0.000737714   0.000491633   0.000369402
486  972  1458  1944  0.00145953   0.000729479   0.000486825   0.000365706
487  974  1461  1948  0.00145713   0.000737786   0.000492305   0.000368706
488  976  1464  1952  0.00148095   0.000740829   0.000493065   0.000371833
489  978  1467  1956  0.00145689   0.000738789   0.000491845   0.000366885
490  980  1470  1960  0.00146814   0.000740973   0.000496918   0.000371876
491  982  1473  1964  0.00146108   0.000736963   0.000492128   0.000370484
492  984  1476  1968  0.0014837   0.000746308   0.000493683   0.000369766
493  986  1479  1972  0.0014533   0.000731914   0.000490838   0.000369412
494  988  1482  1976  0.00149232   0.000736927   0.000492022   0.000369573
495  990  1485  1980  0.00146192   0.000730088   0.000489035   0.00036877
496  992  1488  1984  0.00147449   0.000736497   0.00048732   0.000366617
497  994  1491  1988  0.00146395   0.000730052   0.000484987   0.000364314
498  996  1494  1992  0.0014466   0.000729157   0.000488292   0.000366424
499  998  1497  1996  0.00146228   0.000739075   0.00049257   0.000369959
500  1000  1500  2000  0.00146874   0.000736067   0.00048884   0.00036787
501  1002  1503  2004  0.00147473   0.000738466   0.000493153   0.00036922
502  1004  1506  2008  0.00146144   0.000736712   0.000490396   0.000367088
503  1006  1509  2012  0.00149376   0.000747382   0.000494814   0.000370826
504  1008  1512  2016  0.00145582   0.000731843   0.00048504   0.000365696
505  1010  1515  2020  0.00144313   0.000728047   0.000485252   0.000364657
506  1012  1518  2024  0.00145414   0.000725577   0.000484775   0.000362771
507  1014  1521  2028  0.00146683   0.000733382   0.000488664   0.000366638
508  1016  1524  2032  0.00144516   0.000730231   0.000487338   0.000366788
509  1018  1527  2036  0.00146371   0.00072794   0.000485093   0.000362643
510  1020  1530  2040  0.00145617   0.0007235   0.000481788   0.000361872
511  1022  1533  2044  0.00145773   0.000729802   0.000486012   0.000365053
512  1024  1536  2048  0.00145977   0.000732487   0.000489742   0.000368213
513  1026  1539  2052  0.00143559   0.000723894   0.000481576   0.000361711
514  1028  1542  2056  0.00143774   0.000721352   0.000480091   0.000359355
515  1030  1545  2060  0.00146096   0.000725255   0.0004823   0.000362504
516  1032  1548  2064  0.00144732   0.000729444   0.000487585   0.000364903
517  1034  1551  2068  0.00146611   0.000733883   0.000489459   0.000367827
518  1036  1554  2072  0.00146324   0.000742262   0.000494178   0.000369884
519  1038  1557  2076  0.0014709   0.000725827   0.000486489   0.000364282
520  1040  1560  2080  0.0014636   0.000745806   0.000494585   0.000371962
521  1042  1563  2084  0.00147329   0.000735709   0.000491297   0.000369252
522  1044  1566  2088  0.00148382   0.000742083   0.000492729   0.000369016
523  1046  1569  2092  0.00149052   0.000744804   0.00049584   0.00037224
524  1048  1572  2096  0.00146563   0.000735172   0.000491014   0.000368031
525  1050  1575  2100  0.0014679   0.000733955   0.000487532   0.000367249
526  1052  1578  2104  0.0014843   0.000741259   0.000497589   0.000372829
527  1054  1581  2108  0.00147688   0.000734206   0.000489282   0.000366188
528  1056  1584  2112  0.00147676   0.000736211   0.000488345   0.000366167
529  1058  1587  2116  0.00147963   0.000733848   0.000491173   0.000366638
530  1060  1590  2120  0.00146383   0.000736461   0.00049029   0.000366038
531  1062  1593  2124  0.00146766   0.000732129   0.000490148   0.000367763
532  1064  1596  2128  0.0014849   0.000740722   0.000492764   0.000368266
533  1066  1599  2132  0.00147461   0.000738681   0.000490254   0.000367259
534  1068  1602  2136  0.00146695   0.000738144   0.000492199   0.000368266
535  1070  1605  2140  0.00145294   0.000723429   0.000481788   0.000361904
536  1072  1608  2144  0.00146336   0.000730804   0.000487426   0.000367142
537  1074  1611  2148  0.00148574   0.000731664   0.000487815   0.000367045
538  1076  1614  2152  0.00145175   0.00072504   0.000484545   0.000364442
539  1078  1617  2156  0.00143427   0.000721495   0.000481982   0.000362589
540  1080  1620  2160  0.00145761   0.000730518   0.000487338   0.000365942
541  1082  1623  2164  0.00146407   0.000732201   0.000490997   0.000367495
542  1084  1626  2168  0.0014624   0.00073528   0.00048626   0.000366006
543  1086  1629  2172  0.00149328   0.000741689   0.000494249   0.000369337
544  1088  1632  2176  0.00147951   0.00074065   0.000492446   0.000369927
545  1090  1635  2180  0.00148274   0.000739827   0.000495115   0.000370784
546  1092  1638  2184  0.00148442   0.000743014   0.000496529   0.000370987
547  1094  1641  2188  0.00148657   0.000738717   0.000495468   0.000372155
548  1096  1644  2192  0.00148346   0.000739254   0.000491986   0.00036982
549  1098  1647  2196  0.00147185   0.000738037   0.000489724   0.000367891
550  1100  1650  2200  0.00148095   0.000733704   0.000490325   0.000368245
551  1102  1653  2204  0.00144696   0.000729121   0.000486949   0.000365985
552  1104  1656  2208  0.0014685   0.000746093   0.000496564   0.000372765
553  1106  1659  2212  0.00146539   0.000737965   0.000491757   0.000369509
554  1108  1662  2216  0.00149531   0.000743873   0.000498756   0.000376043
555  1110  1665  2220  0.00148622   0.00074484   0.000498314   0.000373419
556  1112  1668  2224  0.00149543   0.000747668   0.000499587   0.000374993
557  1114  1671  2228  0.00150943   0.000749244   0.000497749   0.000373568
558  1116  1674  2232  0.00149483   0.000743085   0.000497554   0.00037178
559  1118  1677  2236  0.00147891   0.000738717   0.000492623   0.000369027
560  1120  1680  2240  0.0014618   0.000730124   0.000487956   0.00036637
561  1122  1683  2244  0.00146563   0.000726866   0.00048352   0.000363885
562  1124  1686  2248  0.00146156   0.000735745   0.000490678   0.000368973
563  1126  1689  2252  0.00147975   0.00074595   0.000495274   0.000370676
564  1128  1692  2256  0.00150393   0.000753075   0.000501973   0.000375432
565  1130  1695  2260  0.0014825   0.000738896   0.000494726   0.000371191
566  1132  1698  2264  0.00147102   0.000733991   0.00049036   0.000368309
567  1134  1701  2268  0.00148921   0.000746916   0.000493807   0.000370109
568  1136  1704  2272  0.00148191   0.000747453   0.000499516   0.000374393
569  1138  1707  2276  0.00147784   0.000737643   0.000491598   0.000369048
570  1140  1710  2280  0.00147832   0.000736354   0.00049257   0.000369691
571  1142  1713  2284  0.00147975   0.000742083   0.000497749   0.000373011
572  1144  1716  2288  0.00148945   0.000739361   0.000492428   0.000370162
573  1146  1719  2292  0.00146276   0.000735853   0.000490731   0.000369209
574  1148  1722  2296  0.00149507   0.000743336   0.000495645   0.000371351
575  1150  1725  2300  0.00148574   0.000735566   0.000492269   0.000368245
576  1152  1728  2304  0.00149962   0.000747955   0.000498738   0.000373654
577  1154  1731  2308  0.00150632   0.000747561   0.000498014   0.000374907
578  1156  1734  2312  0.00149854   0.000744088   0.00049819   0.000372401
579  1158  1737  2316  0.00146383   0.00073929   0.000491951   0.000369798
580  1160  1740  2320  0.00151554   0.000747024   0.000497006   0.000372165
581  1162  1743  2324  0.00149603   0.000752681   0.000499746   0.000374929
582  1164  1746  2328  0.0014837   0.000740794   0.000496582   0.000370901
583  1166  1749  2332  0.00149387   0.000736103   0.000489211   0.000365085
584  1168  1752  2336  0.00147987   0.00074151   0.000493772   0.000372497
585  1170  1755  2340  0.00147137   0.00074065   0.000492075   0.000369316
586  1172  1758  2344  0.00149866   0.000748599   0.000497307   0.000373922
587  1174  1761  2348  0.00146036   0.000732129   0.000489353   0.00036847
588  1176  1764  2352  0.00149316   0.000747489   0.000499286   0.000373793
589  1178  1767  2356  0.00146419   0.000727546   0.000485235   0.000365289
590  1180  1770  2360  0.00147879   0.000738144   0.000492305   0.000370109
591  1182  1773  2364  0.00147628   0.000736676   0.000493436   0.000370473
592  1184  1776  2368  0.00148921   0.000744052   0.000497607   0.000371673
593  1186  1779  2372  0.00147856   0.000740686   0.000491651   0.000368406
594  1188  1782  2376  0.00148777   0.000743228   0.000496582   0.000371919
595  1190  1785  2380  0.00149519   0.000747489   0.000499675   0.000374286
596  1192  1788  2384  0.00148849   0.000744052   0.000495645   0.000370494
597  1194  1791  2388  0.00147568   0.000731628   0.000490201   0.000368041
598  1196  1794  2392  0.00148502   0.000743014   0.000494496   0.000371298
599  1198  1797  2396  0.00148957   0.000745341   0.000495115   0.000371458
600  1200  1800  2400  0.00147712   0.000741904   0.000493666   0.00037223
601  1202  1803  2404  0.00151961   0.000755044   0.000501089   0.000374543
602  1204  1806  2408  0.00149064   0.000744016   0.000495062   0.00036953
603  1206  1809  2412  0.00145953   0.000735602   0.000491916   0.000369412
604  1208  1812  2416  0.00147269   0.00074219   0.000493188   0.000372101
605  1210  1815  2420  0.00148418   0.000743622   0.000492517   0.000369584
606  1212  1818  2424  0.00146826   0.000735244   0.000493772   0.000370109
607  1214  1821  2428  0.00153038   0.000757371   0.000503086   0.000376171
608  1216  1824  2432  0.00150764   0.00075823   0.000504907   0.000379567
609  1218  1827  2436  0.00150165   0.000748277   0.000496741   0.000371951
610  1220  1830  2440  0.00149615   0.000750389   0.000501549   0.000376589
611  1222  1833  2444  0.00148526   0.000738932   0.000495716   0.000371812
612  1224  1836  2448  0.00148298   0.000737392   0.000494514   0.000371008
613  1226  1839  2452  0.00147114   0.000731305   0.000487992   0.000365524
614  1228  1842  2456  0.00146958   0.000736748   0.000492145   0.000369852
615  1230  1845  2460  0.00148155   0.000740973   0.000494779   0.000373772
616  1232  1848  2464  0.001477   0.000743658   0.000496211   0.000374982
617  1234  1851  2468  0.0014977   0.000744195   0.000496352   0.000372829
618  1236  1854  2472  0.00146108   0.000728226   0.00048603   0.000364603
619  1238  1857  2476  0.00146264   0.000734313   0.000490237   0.000368684
620  1240  1860  2480  0.00147748   0.00073553   0.00049036   0.000366231
621  1242  1863  2484  0.00149076   0.000737285   0.000490484   0.000369123
622  1244  1866  2488  0.00149244   0.000739218   0.000491474   0.000370505
623  1246  1869  2492  0.00145617   0.000734564   0.000493277   0.00036982
624  1248  1872  2496  0.00146731   0.000743586   0.000497183   0.000374672
625  1250  1875  2500  0.00148466   0.000736426   0.000490343   0.000368149
626  1252  1878  2504  0.00148442   0.000739147   0.000490166   0.000368266
627  1254  1881  2508  0.00146563   0.000732773   0.000488345   0.000366499
628  1256  1884  2512  0.00149316   0.000741295   0.000491527   0.000368438
629  1258  1887  2516  0.00147628   0.000747417   0.000498155   0.000372519
630  1260  1890  2520  0.00148837   0.000747489   0.000498067   0.000373269
631  1262  1893  2524  0.00146324   0.000734564   0.000492464   0.000368545
632  1264  1896  2528  0.00150094   0.000748778   0.000500152   0.000373815
633  1266  1899  2532  0.00146599   0.000739254   0.000493595   0.000368309
634  1268  1902  2536  0.00148873   0.000742584   0.000494938   0.00037238
635  1270  1905  2540  0.00151314   0.000757192   0.000503228   0.000377703
636  1272  1908  2544  0.00148298   0.000741402   0.000493648   0.000370248
637  1274  1911  2548  0.00147114   0.000734385   0.000489618   0.000367238
638  1276  1914  2552  0.00147963   0.000735853   0.000491191   0.000368481
639  1278  1917  2556  0.00147125   0.000731771   0.000487992   0.000366842
640  1280  1920  2560  0.00146587   0.000733883   0.000491244   0.000367463
641  1282  1923  2564  0.00147341   0.000737392   0.000492799   0.000370216
642  1284  1926  2568  0.0014849   0.000742763   0.000497024   0.00037389
643  1286  1929  2572  0.00150656   0.000749924   0.000497925   0.000375839
644  1288  1932  2576  0.00148574   0.000748205   0.00049971   0.000375047
645  1290  1935  2580  0.0015013   0.000756727   0.000503687   0.000376696
646  1292  1938  2584  0.00147341   0.000744768   0.000496776   0.000373697
647  1294  1941  2588  0.00150967   0.000742369   0.000496582   0.000372005
648  1296  1944  2592  0.00146731   0.000740292   0.000494726   0.000372176
649  1298  1947  2596  0.00147078   0.00073417   0.000488628   0.00036787
650  1300  1950  2600  0.00147413   0.000743372   0.000495946   0.000371501
651  1302  1953  2604  0.00147185   0.0007433   0.000495309   0.000373119
652  1304  1956  2608  0.00145474   0.000732022   0.000482831   0.000362857
653  1306  1959  2612  0.00146192   0.000732917   0.000489141   0.000366885
654  1308  1962  2616  0.00146623   0.000729909   0.000486436   0.000365685
655  1310  1965  2620  0.0014697   0.000735709   0.000490502   0.000367313
656  1312  1968  2624  0.0014691   0.000741008   0.000495027   0.000370676
657  1314  1971  2628  0.00150644   0.000747024   0.000498703   0.00037329
658  1316  1974  2632  0.00149064   0.000743264   0.000496547   0.000373718
659  1318  1977  2636  0.00150082   0.000744016   0.000495592   0.000372797
660  1320  1980  2640  0.00147042   0.000737858   0.000493224   0.000369787
661  1322  1983  2644  0.00149495   0.000744589   0.000497943   0.000373568
662  1324  1986  2648  0.00148107   0.0007404   0.000496158   0.000372433
663  1326  1989  2652  0.0014995   0.000749494   0.000502344   0.000376589
664  1328  1992  2656  0.00149292   0.000748062   0.00049994   0.000375936
665  1330  1995  2660  0.00149794   0.00074885   0.000501337   0.000374029
666  1332  1998  2664  0.0015159   0.000750568   0.00050139   0.000376996
667  1334  2001  2668  0.00149818   0.000754793   0.00050093   0.000376096
668  1336  2004  2672  0.00151362   0.000752359   0.000499056   0.000374083
669  1338  2007  2676  0.001491   0.000757335   0.000503316   0.000377542
670  1340  2010  2680  0.00151207   0.000760128   0.000507735   0.000381388
671  1342  2013  2684  0.00152763   0.000751284   0.000495928   0.000372219
672  1344  2016  2688  0.00148981   0.000744267   0.000495999   0.00037028
673  1346  2019  2692  0.00149196   0.000749494   0.000499074   0.000373568
674  1348  2022  2696  0.00149136   0.000746522   0.000497077   0.000372444
675  1350  2025  2700  0.00149591   0.000742584   0.000498526   0.00037254
676  1352  2028  2704  0.00149064   0.000738001   0.000494337   0.000371383
677  1354  2031  2708  0.00146862   0.000741617   0.000493365   0.000370194
678  1356  2034  2712  0.00150357   0.00075021   0.000499304   0.000373408
679  1358  2037  2716  0.00148011   0.000745305   0.00049743   0.000374458
680  1360  2040  2720  0.00147903   0.000746522   0.000496882   0.000373172
681  1362  2043  2724  0.00150632   0.000747847   0.00049895   0.000373729
682  1364  2046  2728  0.00148394   0.000744661   0.000495592   0.000373258
683  1366  2049  2732  0.00147676   0.000743121   0.000497908   0.000372926
684  1368  2052  2736  0.0015001   0.000739326   0.000495292   0.000371351
685  1370  2055  2740  0.00148262   0.000742369   0.000493913   0.000370419
686  1372  2058  2744  0.00146898   0.000740829   0.000495928   0.000371715
687  1374  2061  2748  0.00148418   0.000750962   0.000500347   0.000374458
688  1376  2064  2752  0.0014922   0.000734134   0.000487356   0.000367067
689  1378  2067  2756  0.00148143   0.000734456   0.000491403   0.000367442
690  1380  2070  2760  0.00147616   0.000741152   0.00049736   0.000374254
691  1382  2073  2764  0.00150465   0.00075243   0.000500736   0.000376128
692  1384  2076  2768  0.00148538   0.000740292   0.000491916   0.000368963
693  1386  2079  2772  0.00147975   0.000735781   0.000489317   0.000368052
694  1388  2082  2776  0.00149711   0.000749995   0.000499657   0.000372594
695  1390  2085  2780  0.00148358   0.00073639   0.000494867   0.000370859
696  1392  2088  2784  0.00149304   0.000748742   0.000500594   0.000375539
697  1394  2091  2788  0.00149076   0.000740579   0.000493524   0.000370859
698  1396  2094  2792  0.00148191   0.000737929   0.000493931   0.000370569
699  1398  2097  2796  0.00147401   0.000733633   0.000489954   0.000368063
700  1400  2100  2800  0.00148921   0.000744911   0.000495468   0.000368791
701  1402  2103  2804  0.00147269   0.000741617   0.000493471   0.000371019
702  1404  2106  2808  0.00148741   0.000744374   0.000495963   0.000370901
703  1406  2109  2812  0.00148358   0.000735888   0.000489035   0.000364796
704  1408  2112  2816  0.00149387   0.00073775   0.000491403   0.000367656
705  1410  2115  2820  0.00145869   0.000732272   0.000487391   0.000367506
706  1412  2118  2824  0.00149447   0.000748384   0.000498685   0.000374982
707  1414  2121  2828  0.00148215   0.000744374   0.000499445   0.000373804
708  1416  2124  2832  0.00150812   0.000755438   0.000502079   0.000375818
709  1418  2127  2836  0.00148586   0.000750962   0.000501443   0.000378035
710  1420  2130  2840  0.00149782   0.000753898   0.000497307   0.000373022
711  1422  2133  2844  0.00149459   0.000748169   0.000501655   0.00037555
712  1424  2136  2848  0.00148873   0.000744875   0.000496069   0.000371823
713  1426  2139  2852  0.00149603   0.000747453   0.000500011   0.000376193
714  1428  2142  2856  0.00148586   0.000745878   0.000497006   0.000374747
715  1430  2145  2860  0.00148981   0.000748026   0.000498208   0.000374233
716  1432  2148  2864  0.00149687   0.000747955   0.000500329   0.000375122
717  1434  2151  2868  0.00152786   0.000755545   0.000504677   0.000379171
718  1436  2154  2872  0.00152763   0.000761775   0.00050846   0.000382716
719  1438  2157  2876  0.00150297   0.000753433   0.000506551   0.000381077
720  1440  2160  2880  0.00151937   0.000756727   0.000503617   0.000377103
721  1442  2163  2884  0.00149615   0.000747274   0.000497377   0.000373344
722  1444  2166  2888  0.00149615   0.000749745   0.000497572   0.000374383
723  1446  2169  2892  0.00147018   0.000735244   0.000492252   0.000370344
724  1448  2172  2896  0.00148837   0.000749279   0.000498367   0.000372572
725  1450  2175  2900  0.00149519   0.000747167   0.000500488   0.0003763
726  1452  2178  2904  0.00150405   0.000754686   0.000503245   0.000375893
727  1454  2181  2908  0.00149723   0.000752896   0.000505207   0.000379567
728  1456  2184  2912  0.00151374   0.000746451   0.000498067   0.000374458
729  1458  2187  2916  0.00149052   0.000751535   0.000501266   0.000374747
730  1460  2190  2920  0.00151434   0.000755975   0.00050169   0.000376846
731  1462  2193  2924  0.00151829   0.000765141   0.000510528   0.000381934
732  1464  2196  2928  0.00149232   0.000756941   0.000507169   0.000381409
733  1466  2199  2932  0.00152164   0.00075687   0.00050625   0.000380509
734  1468  2202  2936  0.00152164   0.000754328   0.000505084   0.000377692
735  1470  2205  2940  0.00151781   0.000754435   0.000503758   0.000378185
736  1472  2208  2944  0.00149818   0.00074688   0.000498668   0.00037465
737  1474  2211  2948  0.00149603   0.000742011   0.000495221   0.000371458
738  1476  2214  2952  0.00148059   0.00073861   0.000492782   0.000367945
739  1478  2217  2956  0.00150285   0.00074996   0.000498279   0.000374757
740  1480  2220  2960  0.00151434   0.000754829   0.00050192   0.000376589
741  1482  2223  2964  0.00150249   0.000757693   0.00050374   0.000378121
742  1484  2226  2968  0.00151494   0.000759519   0.000507541   0.000379963
743  1486  2229  2972  0.00150261   0.000754757   0.000502874   0.000376428
744  1488  2232  2976  0.00151733   0.00075311   0.00049865   0.000375422
745  1490  2235  2980  0.00151673   0.000755438   0.00050549   0.000379867
746  1492  2238  2984  0.00149878   0.000749673   0.000500771   0.000375614
747  1494  2241  2988  0.00150405   0.000752251   0.000502185   0.0003769
748  1496  2244  2992  0.00148993   0.000752251   0.000500364   0.0003742
749  1498  2247  2996  0.00153852   0.000767253   0.00050853   0.000381559
750  1500  2250  3000  0.00151458   0.00076643   0.000509131   0.000381259
751  1502  2253  3004  0.00152846   0.000766215   0.000508619   0.00038248
752  1504  2256  3008  0.00151865   0.000759698   0.000508407   0.000381559
753  1506  2259  3012  0.00153588   0.000759305   0.000506374   0.000381163
754  1508  2262  3016  0.00151733   0.000757228   0.000504801   0.000380359
755  1510  2265  3020  0.00152774   0.000769437   0.000508795   0.000381302
756  1512  2268  3024  0.00154043   0.000772588   0.000513886   0.000385169
757  1514  2271  3028  0.00153337   0.000768685   0.00051484   0.000385619
758  1516  2274  3032  0.00152906   0.000765678   0.000510422   0.00038368
759  1518  2277  3036  0.0015463   0.000771908   0.000514416   0.000387311
760  1520  2280  3040  0.00156473   0.00077778   0.000517191   0.000387643
761  1522  2283  3044  0.00153181   0.000762849   0.000507611   0.000381184
762  1524  2286  3048  0.00154271   0.000766179   0.00051484   0.000386776
763  1526  2289  3052  0.00153014   0.000758087   0.000503051   0.000376985
764  1528  2292  3056  0.00151721   0.000764926   0.000507152   0.000380938
765  1530  2295  3060  0.00152523   0.000756619   0.000506356   0.000379663
766  1532  2298  3064  0.0015232   0.000760558   0.000504147   0.000378946
767  1534  2301  3068  0.00149974   0.000751893   0.000504041   0.00037841
768  1536  2304  3072  0.00153816   0.000763709   0.000510386   0.000383273
769  1538  2307  3076  0.00151063   0.000768363   0.000510757   0.000382962
770  1540  2310  3080  0.00153241   0.000764389   0.000510316   0.000383434
771  1542  2313  3084  0.00151949   0.000754149   0.000504076   0.000379395
772  1544  2316  3088  0.00150584   0.00075243   0.000503175   0.000377832
773  1546  2319  3092  0.00152475   0.000771765   0.000515459   0.000386047
774  1548  2322  3096  0.00152786   0.000755187   0.000505313   0.00038067
775  1550  2325  3100  0.00152032   0.000756404   0.000503617   0.000379931
776  1552  2328  3104  0.00152535   0.000761202   0.000507753   0.000381752
777  1554  2331  3108  0.00150165   0.000754578   0.000506851   0.000381538
778  1556  2334  3112  0.00152308   0.000767074   0.000510934   0.000383509
779  1558  2337  3116  0.00152499   0.000769187   0.000514487   0.000387322
780  1560  2340  3120  0.00154402   0.000769616   0.000511588   0.000384001
781  1562  2343  3124  0.00153923   0.000765785   0.000513055   0.000384001
782  1564  2346  3128  0.0015305   0.000761095   0.000509237   0.000382288
783  1566  2349  3132  0.00153576   0.000771765   0.000513391   0.000385222
784  1568  2352  3136  0.00152595   0.000763852   0.000509732   0.000382662
785  1570  2355  3140  0.00152475   0.000762634   0.000510563   0.000383509
786  1572  2358  3144  0.0015366   0.000762921   0.000507046   0.000379588
787  1574  2361  3148  0.00152451   0.000759913   0.000508318   0.000380627
788  1576  2364  3152  0.00152822   0.000769437   0.000509114   0.000381913
789  1578  2367  3156  0.00151805   0.000760343   0.000509025   0.000380788
790  1580  2370  3160  0.00154773   0.000774056   0.000514999   0.000385726
791  1582  2373  3164  0.00154869   0.000777708   0.000515547   0.000385747
792  1584  2376  3168  0.00153983   0.000768721   0.000513002   0.000385844
793  1586  2379  3172  0.00153481   0.000765033   0.00051081   0.000383327
794  1588  2382  3176  0.0015305   0.000770619   0.000516201   0.000387065
795  1590  2385  3180  0.00155228   0.000771944   0.000515388   0.000385961
796  1592  2388  3184  0.00153696   0.000771765   0.000515919   0.000385972
797  1594  2391  3188  0.0015524   0.000775345   0.000516714   0.000385854
798  1596  2394  3192  0.0015682   0.000782721   0.000520231   0.000389293
799  1598  2397  3196  0.00153792   0.000770977   0.000513144   0.000385662
800  1600  2400  3200  0.00155372   0.000774593   0.000517456   0.000389164
801  1602  2403  3204  0.00154199   0.000776168   0.00052115   0.000389303
802  1604  2406  3208  0.00155252   0.000776992   0.00051857   0.000389411
803  1606  2409  3212  0.00152834   0.00077291   0.000515777   0.000388489
804  1608  2412  3216  0.00155372   0.00077624   0.000517474   0.0003891
805  1610  2415  3220  0.00158268   0.00079339   0.00052792   0.000394863
806  1612  2418  3224  0.00155539   0.000777887   0.00052009   0.000391746
807  1614  2421  3228  0.0015755   0.000792961   0.000526789   0.000393824
808  1616  2424  3232  0.00156521   0.00078   0.000519012   0.000389153
809  1618  2427  3236  0.00158699   0.000786086   0.000523943   0.00039272
810  1620  2430  3240  0.00156389   0.000782756   0.000521928   0.000391938
811  1622  2433  3244  0.00156042   0.000783115   0.000522317   0.000391778
812  1624  2436  3248  0.00155982   0.000789559   0.000524102   0.00039121
813  1626  2439  3252  0.00155695   0.000777959   0.000518623   0.000390139
814  1628  2442  3256  0.00157107   0.000791887   0.000526152   0.000395023
815  1630  2445  3260  0.00158543   0.000792853   0.000527885   0.000396052
816  1632  2448  3264  0.00161404   0.00080295   0.000532692   0.000398065
817  1634  2451  3268  0.00158795   0.000787232   0.000522847   0.000392603
818  1636  2454  3272  0.00157382   0.000792101   0.000526771   0.000395077
819  1638  2457  3276  0.00156054   0.000782112   0.000521804   0.000390289
820  1640  2460  3280  0.00155647   0.00077957   0.000518517   0.000389989
821  1642  2463  3284  0.00157514   0.000784368   0.000520744   0.000389582
822  1644  2466  3288  0.00155934   0.000783329   0.000527178   0.000395655
823  1646  2469  3292  0.00158459   0.000798117   0.000530324   0.000398387
824  1648  2472  3296  0.00160889   0.000795539   0.000527319   0.000394402
825  1650  2475  3300  0.00158998   0.000800372   0.000534053   0.000400529
826  1652  2478  3304  0.00159596   0.000796076   0.000530995   0.00039603
827  1654  2481  3308  0.00157119   0.000784547   0.000524844   0.000392838
828  1656  2484  3312  0.00157179   0.000789703   0.000528273   0.000397969
829  1658  2487  3316  0.00157969   0.000794823   0.000528963   0.000397123
830  1660  2490  3320  0.00158579   0.000797687   0.000531738   0.000398526
831  1662  2493  3324  0.00158507   0.000797794   0.00053218   0.000400079
832  1664  2496  3328  0.00161033   0.000799835   0.000532339   0.000397187
833  1666  2499  3332  0.00160279   0.000800909   0.000532922   0.000399554
834  1668  2502  3336  0.00157693   0.000794894   0.000529988   0.000398569
835  1670  2505  3340  0.00160745   0.000802879   0.00053423   0.0004004
836  1672  2508  3344  0.0015834   0.000792638   0.000529687   0.000397155
837  1674  2511  3348  0.00157729   0.000788342   0.000528768   0.000397723
838  1676  2514  3352  0.00156449   0.000790705   0.000526806   0.00039513
839  1678  2517  3356  0.00159824   0.000795861   0.000530359   0.000398719
840  1680  2520  3360  0.00160386   0.000803165   0.000536298   0.000402264
841  1682  2523  3364  0.00161104   0.000803523   0.000535962   0.000402211
842  1684  2526  3368  0.0016333   0.000806566   0.000538242   0.000404878
843  1686  2529  3372  0.00158747   0.000798439   0.000535626   0.000402607
844  1688  2532  3376  0.00162277   0.000806101   0.000536263   0.000401139
845  1690  2535  3380  0.00161128   0.000800766   0.000534725   0.000399758
846  1692  2538  3384  0.00161344   0.000807784   0.000540363   0.000404235
847  1694  2541  3388  0.00160326   0.000806065   0.000535467   0.000402618
848  1696  2544  3392  0.00162924   0.000812403   0.000543085   0.000408102
849  1698  2547  3396  0.00163103   0.000814766   0.000542979   0.00040596
850  1700  2550  3400  0.00162146   0.000814766   0.000542679   0.000407266
851  1702  2553  3404  0.00162086   0.000807891   0.000540045   0.000406709
852  1704  2556  3408  0.00162253   0.000817845   0.000544411   0.00040747
853  1706  2559  3412  0.00165748   0.000833097   0.000553178   0.000414282
854  1708  2562  3416  0.00163043   0.000814229   0.000545542   0.000409237
855  1710  2565  3420  0.00164503   0.000824039   0.000551198   0.00041244
856  1712  2568  3424  0.0016576   0.000829052   0.000552471   0.00041184
857  1714  2571  3428  0.00162205   0.000817379   0.0005486   0.000411497
858  1716  2574  3432  0.00164324   0.000823824   0.000549678   0.000414807
859  1718  2577  3436  0.0016661   0.000831486   0.00055673   0.000417131
860  1720  2580  3440  0.0016509   0.000829983   0.00055369   0.000414272
861  1722  2583  3444  0.00165221   0.000828765   0.000551127   0.000414282
862  1724  2586  3448  0.00164659   0.000819313   0.000545153   0.000409044
863  1726  2589  3452  0.00161966   0.000816198   0.000549006   0.00041289
864  1728  2592  3456  0.00165616   0.000836678   0.000556536   0.000418513
865  1730  2595  3460  0.0016582   0.000830162   0.000551127   0.000412761
866  1732  2598  3464  0.0016661   0.000832632   0.000554945   0.000416071
867  1734  2601  3468  0.00166047   0.000833026   0.000554061   0.000416017
868  1736  2604  3472  0.00165449   0.000835711   0.00055742   0.000418149
869  1738  2607  3476  0.00165485   0.000829266   0.000550756   0.000415407
870  1740  2610  3480  0.00166801   0.000838039   0.000559293   0.000417506
871  1742  2613  3484  0.00165329   0.000833384   0.000556836   0.0004156
872  1744  2616  3488  0.00164922   0.0008283   0.000556112   0.000416542
873  1746  2619  3492  0.00164695   0.000828192   0.000551976   0.000415032
874  1748  2622  3496  0.00165413   0.00083256   0.000556518   0.000417796
875  1750  2625  3500  0.00170332   0.000853757   0.000567159   0.000423933
876  1752  2628  3504  0.00165975   0.000832453   0.000556819   0.000417174
877  1754  2631  3508  0.00166011   0.000825865   0.000550756   0.000412772
878  1756  2634  3512  0.00165664   0.000827476   0.000554468   0.0004162
879  1758  2637  3516  0.00167412   0.000844268   0.000565851   0.000426579
880  1760  2640  3520  0.00171589   0.000851752   0.000566593   0.000425036
881  1762  2643  3524  0.00170332   0.000856943   0.000568502   0.000425497
882  1764  2646  3528  0.00168824   0.000850606   0.000568237   0.000427264
883  1766  2649  3532  0.00173468   0.000860882   0.000572921   0.000430842
884  1768  2652  3536  0.00171589   0.000860345   0.000571843   0.0004287
885  1770  2655  3540  0.00169566   0.000857409   0.000570694   0.000428025
886  1772  2658  3544  0.00170487   0.000851931   0.000567601   0.000427157
887  1774  2661  3548  0.00172127   0.000851716   0.000570535   0.000429107
888  1776  2664  3552  0.00170775   0.000859235   0.000572938   0.000431763
889  1778  2667  3556  0.00171744   0.000862887   0.00057407   0.000429599
890  1780  2670  3560  0.00173863   0.000861168   0.000576014   0.000433841
891  1782  2673  3564  0.00169817   0.000857445   0.000575042   0.000432352
892  1784  2676  3568  0.00172881   0.000861992   0.000576456   0.000433456
893  1786  2679  3572  0.00173659   0.000867828   0.000576473   0.000431506
894  1788  2682  3576  0.00172402   0.000865142   0.000577304   0.000432267
895  1790  2685  3580  0.00174377   0.000868687   0.000582235   0.000435287
896  1792  2688  3584  0.00178219   0.000885837   0.000590313   0.000441596
897  1794  2691  3588  0.0017476   0.000874559   0.000583473   0.000436755
898  1796  2694  3592  0.0017403   0.000871551   0.000580556   0.00043653
899  1798  2697  3596  0.00175801   0.000885766   0.000591692   0.000444328
900  1800  2700  3600  0.00178458   0.000894037   0.00059505   0.000446652
901  1802  2703  3604  0.00176256   0.000887628   0.000591091   0.000444531
902  1804  2706  3608  0.0017798   0.000891996   0.000596994   0.000446716
903  1806  2709  3612  0.00178901   0.000900159   0.000599663   0.000448344
904  1808  2712  3616  0.00179559   0.000896865   0.000599875   0.000450026
905  1810  2715  3620  0.00181379   0.000906819   0.000600671   0.000450165
906  1812  2718  3624  0.00182001   0.000911867   0.000610233   0.000458145
907  1814  2721  3628  0.00183629   0.000924578   0.000613114   0.000460137
908  1816  2724  3632  0.00185065   0.00092311   0.000616879   0.000461862
909  1818  2727  3636  0.00183449   0.000921069   0.000613679   0.000461487
910  1820  2730  3640  0.0018595   0.000930844   0.00062356   0.000466725
911  1822  2733  3644  0.00184897   0.000915376   0.000612142   0.000458884
912  1824  2736  3648  0.00187602   0.000940475   0.000622694   0.000466532
913  1826  2739  3652  0.00184646   0.000929626   0.000622764   0.000466918
914  1828  2742  3656  0.00186692   0.000937682   0.000622605   0.0004659
915  1830  2745  3660  0.00189613   0.000942301   0.000626865   0.000470024
916  1832  2748  3664  0.00187147   0.000938756   0.000624815   0.00046725
917  1834  2751  3668  0.00185555   0.000945201   0.000630347   0.00047192
918  1836  2754  3672  0.00188559   0.000942766   0.000629516   0.000472327
919  1838  2757  3676  0.00188895   0.000953902   0.000634448   0.000476301
920  1840  2760  3680  0.00190223   0.000945881   0.000631849   0.00047523
921  1842  2763  3684  0.00190977   0.000956766   0.00063968   0.000479664
922  1844  2766  3688  0.00194017   0.000973021   0.000645972   0.000484645
923  1846  2769  3692  0.00195298   0.000971016   0.000648906   0.000487558
924  1848  2772  3696  0.00192318   0.000963247   0.000645884   0.000485309
925  1850  2775  3700  0.00191731   0.000970801   0.00064986   0.000489829
926  1852  2778  3704  0.00193526   0.000969298   0.000649666   0.000487676
927  1854  2781  3708  0.0019726   0.000980218   0.000657779   0.000492957
928  1856  2784  3712  0.00197955   0.000986126   0.000657832   0.000491725
929  1858  2787  3716  0.00198194   0.000985087   0.000658044   0.000494521
930  1860  2790  3720  0.00196375   0.000987128   0.000659953   0.000494671
931  1862  2793  3724  0.00200623   0.00100525   0.000669621   0.000501205
932  1864  2796  3728  0.00199929   0.000998263   0.000668808   0.000501676
933  1866  2799  3732  0.00200683   0.0010099   0.000673633   0.000504343
934  1868  2802  3736  0.00200193   0.00101015   0.000676179   0.000506925
935  1870  2805  3740  0.0020206   0.00100986   0.000673015   0.000504664
936  1872  2808  3744  0.00202718   0.00100951   0.00067275   0.0005043
937  1874  2811  3748  0.00203819   0.00101688   0.000674765   0.000505029
938  1876  2814  3752  0.00203544   0.00102157   0.000682931   0.000513833
939  1878  2817  3756  0.0020778   0.00103933   0.000693023   0.000519114
940  1880  2820  3760  0.0020559   0.00103324   0.000688834   0.000517882
941  1882  2823  3764  0.00207038   0.00103274   0.00069092   0.000517861
942  1884  2826  3768  0.0020887   0.00104853   0.000694366   0.000519253
943  1886  2829  3772  0.00207745   0.00104291   0.000697141   0.000523956
944  1888  2832  3776  0.00208774   0.00104646   0.000699421   0.000525198
945  1890  2835  3780  0.00211227   0.00105559   0.000706986   0.000530832
946  1892  2838  3784  0.00212376   0.00106046   0.00070764   0.000531421
947  1894  2841  3788  0.00214399   0.00107213   0.000717379   0.000537323
948  1896  2844  3792  0.00218229   0.00108881   0.000728921   0.000547167
949  1898  2847  3796  0.00215727   0.00108122   0.000724591   0.000542904
950  1900  2850  3800  0.00219198   0.00109801   0.000733322   0.00054856
951  1902  2853  3804  0.00219354   0.00110919   0.000735037   0.00055022
952  1904  2856  3808  0.00219988   0.00110346   0.000740746   0.000557439
953  1906  2859  3812  0.00224117   0.00111925   0.000747162   0.000559485
954  1908  2862  3816  0.00217989   0.00110034   0.000738218   0.000557268
955  1910  2865  3820  0.00223698   0.00111749   0.000744687   0.000559121
956  1912  2868  3824  0.002259   0.00112909   0.000754851   0.000565151
957  1914  2871  3828  0.00227851   0.00113679   0.000761302   0.0005695
958  1916  2874  3832  0.00226702   0.00113325   0.000756388   0.000567004
959  1918  2877  3836  0.00227061   0.00114617   0.000763759   0.000573678
960  1920  2880  3840  0.00230759   0.00115953   0.000771995   0.000580897
961  1922  2883  3844  0.00229934   0.00115881   0.000774753   0.000581079
962  1924  2886  3848  0.00234721   0.00116658   0.000778076   0.000583661
963  1926  2889  3852  0.00234829   0.00118144   0.000785764   0.000592251
964  1928  2892  3856  0.00240011   0.00120912   0.000801919   0.000600242
965  1930  2895  3860  0.0023806   0.00119275   0.000790519   0.000592497
966  1932  2898  3864  0.00237198   0.00119254   0.000799233   0.000599695
967  1934  2901  3868  0.00241866   0.00121724   0.000812418   0.000611564
968  1936  2904  3872  0.00246222   0.00122956   0.000821981   0.000618012
969  1938  2907  3876  0.00245301   0.00123239   0.000824508   0.000621043
970  1940  2910  3880  0.00249454   0.00125011   0.000834654   0.000626581
971  1942  2913  3884  0.0024858   0.00124284   0.000829333   0.000620465
972  1944  2916  3888  0.00253308   0.00127231   0.000847592   0.000636039
973  1946  2919  3892  0.00253176   0.0012809   0.000855828   0.000643398
974  1948  2922  3896  0.00259806   0.00130407   0.000867971   0.000650542
975  1950  2925  3900  0.00258669   0.00129079   0.000865072   0.00064886
976  1952  2928  3904  0.00259423   0.00130811   0.0008749   0.000656733
977  1954  2931  3908  0.00262368   0.00131997   0.000880273   0.000660632
978  1956  2934  3912  0.0026579   0.0013345   0.000893105   0.000671686
979  1958  2937  3916  0.00270578   0.00136214   0.000907581   0.000680116
980  1960  2940  3920  0.00272086   0.00137292   0.000919423   0.000688942
981  1962  2943  3924  0.0027892   0.00139877   0.000935737   0.000701967
982  1964  2946  3928  0.00278991   0.00141621   0.000947933   0.000711843
983  1966  2949  3932  0.0028488   0.00144045   0.000966174   0.000725746
984  1968  2952  3936  0.0029236   0.00146909   0.000976708   0.000733426
985  1970  2955  3940  0.00293353   0.00147758   0.00098696   0.00074312
986  1972  2958  3944  0.00297399   0.00150293   0.00100363   0.000754271
987  1974  2961  3948  0.00303107   0.00152949   0.00102178   0.000766064
988  1976  2964  3952  0.00309834   0.00156283   0.00104628   0.00078558
989  1978  2967  3956  0.0031887   0.00159566   0.00106846   0.000802997
990  1980  2970  3960  0.00324351   0.00164346   0.00110319   0.000827236
991  1982  2973  3964  0.00334093   0.00169376   0.00113479   0.000852751
992  1984  2976  3968  0.00342052   0.00172678   0.00115411   0.000866815
993  1986  2979  3972  0.00347952   0.00179387   0.00120684   0.000908225
994  1988  2982  3976  0.00364935   0.00185048   0.00123524   0.000929187
995  1990  2985  3980  0.00373983   0.00190487   0.0012812   0.000963527
996  1992  2988  3984  0.0039105   0.0020145   0.00135547   0.00102204
997  1994  2991  3988  0.00410139   0.00213054   0.00143946   0.00108513
998  1996  2994  3992  0.00429671   0.00229191   0.00154908   0.00117266
999  1998  2997  3996  0.00453428   0.00251906   0.00173568   0.00132551
1000  2000  3000  4000  0.0042334   0.00262436   0.00193952   0.0015464
